2
19
43
102
177
267
274
334
338
341
348
351
498
538
581
590
596
599
627
801
836
841
842
857
945
1020
1103
1139
1141
1191
1200
1234
1378
1392
1432
1436
1471
1499
1565
107987478
107987479
1636
1718
1759
1808
1965
2023
2041
2099
2147
2185
2597
2896
2932
2936
3077
3123
3127
3162
3297
3315
3329
3339
3416
3479
3480
3481
3482
3551
3553
3569
3630
3635
3643
3667
3952
4035
4129
4133
4137
4311
4353
4502
4524
4780
4782
4803
4804
4843
4846
4852
4915
5176
5300
5328
5336
5468
5621
5649
5663
5664
5697
5742
5743
5819
6285
6517
6647
6648
6653
6855
6868
7018
7019
7124
7167
7415
7422
7447
7782
8301
8633
8754
8867
8878
9510
9846
9927
10347
10452
10519
10658
10857
10858
10891
10979
23236
23237
23385
23607
23621
26330
27328
51225
51338
51741
54209
55063
55676
57091
57787
58157
64231
90865
124152
406892
406938
407022
494324
574508
723961
768218
100126333
100500871
100506742
100616367
