18
36
40
100
133
154
158
324
361
367
438
547
551
552
552
596
627
627
686
721
760
775
796
815
847
1007
1008
1008
1106
1108
1137
1139
1141
1141
1153
1312
1356
1387
1499
1588
1600
1610
1620
1636
1717
1718
1719
1734
1735
1742
1745
1745
1746
1788
1789
1804
1806
1806
1812
1814
1950
1959
1977
1977
1979
2020
2020
2053
2131
2131
2332
2332
2550
2554
2555
2556
2557
2558
2558
2560
2562
2562
2571
2690
2697
2739
2742
2876
2890
2898
2902
2903
2904
2904
2918
2944
2949
2950
2969
3002
3069
3077
3105
3123
3198
3237
3265
3346
3351
3352
3356
3359
3361
3458
3479
3481
3486
3557
3558
3565
3567
3569
3586
3596
3600
3628
3676
3690
3690
3710
3720
3751
3778
3912
3927
3952
4128
4129
4139
4163
4204
4208
4208
4233
4233
4282
4520
4524
4543
4544
4642
4763
4843
4862
4897
4897
4908
4909
4915
4923
4929
4988
5020
5021
5021
5053
5054
5062
5067
5071
5080
5101
5141
5142
5175
5187
5294
5307
5321
5329
5443
5444
5551
5579
5594
5595
5617
5618
5649
5649
5728
5728
5743
5915
6091
6092
6095
6134
6262
6323
6326
6332
6343
6433
6505
6507
6532
6532
6535
6567
6573
6638
6660
6662
6779
6804
6853
6854
6899
6907
6948
6999
7018
7133
7248
7248
7249
7249
7328
7337
7399
7432
7436
7472
7498
7508
7812
8128
8140
8216
8224
8242
8295
8604
8828
8828
8831
8912
8930
9013
9024
9025
9037
9147
9228
9248
9320
9369
9369
9378
9378
9379
9379
9568
9639
9732
9743
9820
9855
10295
10319
10716
10716
10743
10765
10771
11141
11141
11281
22839
22871
22941
22941
22999
23001
23036
23040
23078
23126
23152
23178
23181
23245
23394
23462
23705
25942
26047
26047
26053
26056
26470
26523
26960
26960
27044
27086
27086
27185
27347
28514
29091
29123
30061
50944
51231
51725
51733
53615
54221
54221
54413
54413
54538
54551
54674
54715
54738
54806
54888
55217
55879
55904
57194
57492
57497
57502
57502
57575
57580
57616
57628
57680
57680
57705
64221
64324
64326
79641
79718
79742
80312
80821
83943
83992
84148
85358
85358
85458
93664
93664
93986
95681
114788
116442
116987
121278
128239
139411
139411
140733
151531
151556
152330
152789
152789
170572
192683
196500
200150
200424
205428
205428
221035
221037
284467
285175
285195
285195
347731
349075
406900
407010
619554
