35
60
104
108
109
114
116
120
133
148
152
154
156
157
183
207
208
217
239
288
291
347
348
351
406
409
438
468
476
477
478
488
551
553
573
590
596
607
613
624
627
637
675
706
773
774
775
776
783
793
796
805
811
815
841
875
886
961
1005
1015
1109
1129
1131
1135
1139
1142
1268
1269
1312
1385
1392
1393
1394
104909134
1395
1407
1408
1453
1454
1463
1465
1493
1607
1610
1621
1627
1636
1644
1734
1740
1741
1742
1745
1769
1786
1808
1812
1813
1814
1815
1816
1826
1848
1901
1959
1960
1962
2065
2066
2099
2158
2173
2260
2263
2280
2289
2309
2332
2534
2539
2554
2556
2558
2560
2561
2562
2565
2569
2570
2571
2572
2596
2643
2668
2670
2694
2739
2774
2784
2847
2890
2891
2892
2893
2894
2896
2897
2898
2899
2900
2901
2902
2903
2904
2908
2913
2914
2915
2917
2931
2932
2944
2954
3084
3091
3094
3123
3133
3135
3308
3309
3337
3350
3351
3356
3358
3359
3360
3361
3439
3458
3479
3485
3553
3557
3560
3569
3576
3612
3613
3628
3630
3670
3680
3684
3697
3699
3700
3708
3782
3785
3786
3939
4128
4129
4133
4153
4158
4161
4200
4240
4300
4306
4314
4318
4319
4522
4524
4548
4684
4723
4729
4731
4734
4741
4747
4784
4837
4846
4855
4862
4900
4908
4914
4915
4919
4929
5015
5027
5053
5074
5091
5116
5141
5142
5152
5173
5209
5211
5223
5243
5265
5289
5305
5319
5320
5321
5335
5367
5428
5443
5444
5454
5467
5481
5522
5524
5533
5550
5584
5590
5594
5623
5625
5649
5664
5730
5816
5914
5923
5972
5992
5999
6095
6196
6281
6285
6303
6326
6334
6347
6422
6428
6482
6505
6506
6507
6509
6511
6526
6530
6531
6532
6540
6570
6571
6611
6616
6647
6648
6671
6697
6733
6750
6755
6787
6789
6844
6854
6863
6869
6925
6934
6999
7040
7052
7054
7093
7097
7099
7101
7103
7124
7166
7173
7184
7222
7226
7252
7257
7351
7421
7422
7425
7432
7434
7466
7494
7531
7533
7534
8128
8224
8322
8398
8553
8774
8822
8843
8863
8864
8914
8973
9026
9145
9168
9177
9201
9218
9223
9248
9341
9348
9378
9415
9572
9575
9607
9612
9632
9638
105369550
9639
9640
9721
9771
9863
9881
9990
10014
10042
10043
10125
10193
10194
10249
10255
10399
10462
10611
10660
10718
10814
10815
10846
90632
11020
11202
11216
22809
22854
22871
22941
22999
23166
23209
23236
23245
23316
23345
23348
23395
23411
23413
23544
23635
23774
25861
26011
26047
26224
26281
26528
27091
27121
27185
27201
27255
27306
27445
28988
29801
29985
30816
50943
51083
51177
51593
51650
51807
54584
54806
54877
54986
55193
55300
55364
55507
55690
55752
55777
55816
56884
56938
57030
57084
57113
57132
57142
57519
57537
64067
64127
64211
64478
64854
65258
79365
79728
79837
81562
84062
84152
84516
84539
84628
85413
85458
89832
91752
115207
116443
121278
122525
128674
144717
152330
154664
160851
203228
221833
221981
246269
255239
266727
267012
282706
283871
319100
345557
400359
406928
406989
406994
728448
100616452
