1
19
43
52
60
104
113
116
117
132
133
134
135
148
150
155
157
159
175
177
182
207
216
218
221
238
239
288
321
324
337
347
348
350
355
361
367
392
409
421
427
468
472
488
509
551
552
567
573
595
596
607
627
637
638
672
675
682
685
688
694
712
713
722
725
774
775
778
780
783
793
801
816
836
837
857
875
885
886
890
894
929
962
989
995
998
1020
1028
1068
1075
1103
1108
1111
1113
1114
1116
1128
1129
1132
1133
1136
1137
1138
1139
1141
1152
1191
1234
1267
1268
1269
1270
1281
1312
1356
1385
1387
1390
1392
1400
1401
1429
1432
1437
1438
1439
1453
1454
1463
1493
1496
1499
1501
1506
1513
1544
1565
107987478
107987479
1571
1576
1577
1610
1622
1627
1630
1636
1644
1728
1735
1739
1740
1741
1742
1745
1759
1786
1789
1806
1812
1813
1814
1815
1848
1902
1948
1950
1958
1959
1960
1961
1965
1983
1993
2011
2018
2019
2020
2026
2053
2065
2066
2099
2100
2147
2166
2170
2171
2173
2182
2203
2212
2247
2260
2263
2272
2317
2332
2335
2346
2475
2530
2534
2550
2554
2557
2558
2559
2560
2561
2562
2563
2566
2569
2571
2572
2596
2638
2643
2647
2668
2670
2674
2675
2676
2694
2702
2703
2729
2730
2739
2742
2744
2752
2774
2775
2778
2784
2806
2823
2847
2870
2873
2876
2885
2887
2890
2891
2892
2893
2894
2896
2897
2898
2899
2900
2901
2902
2903
2904
2905
2906
2908
2911
2912
2913
2914
2915
2917
2918
2931
2932
2934
2937
2938
2944
2946
2950
2953
3008
3009
3014
3029
3061
3065
3066
3077
3084
3094
3097
3098
3105
3106
3107
3115
3119
3123
3133
3159
3162
3240
3269
3274
3303
3304
3305
3313
3350
3352
3355
3356
3358
3359
3360
3361
3362
3363
3383
3416
3458
3481
3552
3553
3558
3559
3561
3562
3563
3565
3569
3570
3586
3587
3593
3606
3613
3632
3684
3690
3697
3699
3714
3720
3725
3745
3756
3757
3760
3766
3782
3785
3786
3790
3791
3796
3836
3839
3843
3908
3927
3934
3952
3977
3992
4009
4010
4023
4035
4036
4045
4049
4090
4099
4128
4129
4133
4135
4154
4155
4161
4190
4192
4200
4233
4267
4277
4282
4297
4308
4314
4318
4336
4340
4482
4522
4524
4543
4544
4548
4627
4645
4650
4684
4693
4719
4723
4729
4747
4762
4803
4804
4835
4837
4842
4852
4855
4861
4862
4886
4900
4908
4914
4915
4916
4922
4923
4929
4976
4978
4986
4988
5010
5015
5020
5021
5048
5053
5062
5074
5080
5100
5105
5108
5116
5127
5141
5142
5144
5159
5173
5174
5243
5245
5274
5289
5290
5291
5297
5305
5309
5319
5321
5327
5340
5348
5354
5362
5368
5371
5375
5444
5465
5468
5478
5496
5521
5532
5533
5534
5578
5594
5595
5599
5609
5617
5625
5649
5662
5664
5730
5733
5742
5743
5770
5777
5786
5803
5816
5824
5902
5914
5947
5970
5978
5997
6001
6002
6007
6280
6285
6303
6311
6347
6389
6426
6470
6474
6482
6505
6506
6507
6509
6510
6511
6529
6530
6531
6532
6536
6538
6539
6540
6558
6570
6571
6576
6586
6595
6616
6620
6647
6648
6660
6663
6667
6671
6712
6716
6720
6721
6750
6804
6812
6843
6844
6845
6853
6854
6855
6863
6869
6870
6890
6891
6892
6899
6908
6925
6934
6950
6999
7018
7020
7040
7048
7052
7057
7079
7097
7098
7099
7101
7103
7122
7124
7132
7133
7148
7157
7166
7167
7178
7257
7276
7299
7305
7351
7353
7356
7421
7422
7425
7432
7434
7436
7444
7447
7472
7494
7515
7518
7531
7533
7534
7546
7625
7781
7804
7903
7941
7976
8038
8128
8204
8214
8220
8224
8242
8295
8315
8379
8398
8443
8490
8516
8528
8553
8564
8604
8605
8633
8678
8741
8787
8809
8831
8835
8841
8843
8851
8854
8863
8924
8929
8932
8940
8970
8991
8997
9019
9070
9145
9152
9168
9177
9201
9223
9228
9229
9248
9253
9332
9342
9348
9369
9373
9378
9379
9415
9444
9455
9456
9463
9469
9481
9495
9508
9575
9583
9588
9600
9607
9620
9638
105369550
9644
9699
9722
9732
9734
9739
9743
9759
9771
9783
9821
9826
9863
9869
9900
9901
9943
9947
9968
9993
10048
10096
10097
10215
10279
10280
10326
10327
10369
10371
10400
10602
10611
10634
10641
10644
10645
10659
10664
10675
10678
10718
10743
10752
10772
10806
10814
10815
10859
10891
11099
11167
11202
11240
11278
11337
22850
22854
22871
22874
22904
22906
23026
23028
23040
23043
23114
23191
23208
23209
23228
23236
23237
23245
23305
23339
23362
23385
23394
23395
23405
23408
23411
23413
23426
23500
23523
23551
23569
23600
23621
23731
23774
23780
25830
25874
25925
26011
26047
26053
26468
26528
26985
27013
27020
27037
27087
27091
27115
27121
27122
27165
27185
27189
27201
27253
27306
27349
29102
29115
29801
29947
29949
29968
30816
50628
50632
50944
51090
51150
51299
51473
51586
51734
51735
51738
53335
53826
54210
54407
54487
54551
54567
54584
54659
54805
54806
54808
54820
54986
55163
55193
55206
55213
55300
55486
55553
55626
55717
55733
55737
55741
111089941
55752
55784
55808
55824
55879
56301
56603
56666
56990
57030
57084
57088
57103
57128
57142
57188
57369
57468
57532
57555
57576
58510
59283
60481
60493
63826
63876
64067
64116
64288
64478
64850
64854
64902
65018
65078
65266
65267
79080
79137
79728
79837
80025
80312
80323
80832
81033
81562
81565
81567
81792
83999
84062
84148
84152
84466
84539
84547
84628
84678
84687
84867
84952
85358
85439
85458
89781
89796
89797
89832
90139
90141
90273
90952
91752
93663
93664
93986
114781
114784
114899
115111
115207
116285
116369
116443
118490
119749
120892
121278
124590
127933
131177
133482
134829
134864
135152
140679
140902
145864
146279
147657
147929
149111
149420
151295
154664
160851
161436
166378
169026
169166
200909
200933
202333
203062
203228
219790
220988
221393
222698
223117
246744
255101
255239
259173
259217
259232
266727
266743
267012
282617
282706
283748
284217
285242
338442
339230
340665
347730
348327
374291
387032
387129
387509
388552
400359
400765
406901
406920
406928
406952
406961
406989
407003
407034
442721
442900
442901
442911
494331
574451
574456
594857
613212
641372
100131814
100137049
100616452
